image: 578_AR_mod.pgm
resolution: 0.050000
origin: [-16.025000, -16.025000, 0.000000]
negate: 0
occupied_thresh: 0.65
free_thresh: 0.196

